1000
-2.2 -0.3 1.900000000000
-5.5 -0.3 1.400000000000
-8.6 -1.0 3.600000000000
-8.6 4.4 1.800000000000
-4.1 19.2 22.945587811168
-4.1 -18.9 16.236070953282
-10.4 19.8 25.143587651725
28.1 -51.7 56.125751665345
-1.5 -9.7 0.300000000000
-6.7 -9.7 4.900000000000
-4.3 -2.6 9.446198143915
-4.3 -8.9 2.722140959024
6.4 9.5 11.405288645495
-1.7 9.5 2.639131730483
-2.6 8.7 2.500000000000
3.1 8.7 3.200000000000
23.6 -34.1 44.936065693383
-10.0 7.9 9.518928511130
0.9 -3.4 10.159560730359
7.9 -4.9 2.458869419180
-5.7 3.6 1.273939121355
0.7 -3.7 11.155489486098
-2.5 5.4 8.246211251235
-2.5 -16.6 14.142135623731
-2.6 -8.2 4.300000000000
5.4 -8.2 3.700000000000
-6.0 0.3 2.642085212390
5.6 0.3 14.356173177632
7.5 15.1 20.587617637794
-2.7 0.7 2.941088233971
3.5 5.8 2.500000000000
-1.2 5.8 2.200000000000
4.5 4.5 6.203585108780
0.4 4.5 1.427298134059
-4.6 -5.9 9.143743533411
-4.5 0.8 1.801405424388
0.6 6.0 0.900000000000
-1.6 6.0 1.300000000000
-3.3 -1.0 2.400000000000
-3.3 5.2 3.800000000000
-25.2 -46.2 50.230867004263
6.6 6.8 12.020815280171
33.0 14.4 39.629534440869
-15.3 -12.9 15.851813776347
3.8 7.6 3.100000000000
0.0 7.6 0.700000000000
-7.9 -4.4 20.443005520840
9.9 -4.4 2.162577806241
-0.4 -20.1 27.324714088166
-6.7 20.4 13.662357044083
2.6 1.2 1.100000000000
2.6 4.7 2.400000000000
-1.8 7.9 4.600000000000
6.1 7.9 3.300000000000
-5.7 -8.4 4.400000000000
2.3 -8.4 3.600000000000
2.4 -3.0 10.031699082442
0.3 -9.7 2.595726794645
-18.3 -1.8 13.860014430007
36.6 10.4 42.419924563818
8.4 4.3 4.400000000000
0.6 4.3 3.400000000000
37.9 44.1 62.083975388179
-40.3 -34.1 48.507525189397
7.8 5.6 3.200000000000
7.8 1.2 1.200000000000
-1.0 4.4 0.500000000000
-1.0 8.4 3.500000000000
-1.9 6.0 4.500000000000
3.1 6.0 0.500000000000
27.9 1.8 29.149442533263
-42.9 1.8 42.240383520986
-1.1 9.1 2.441448812480
-1.1 -9.5 21.757094754879
-1.0 7.0 13.323376788067
9.2 7.9 2.628712955050
-2.6 -5.5 2.141962688871
-8.0 -2.4 8.802067738503
4.5 -3.5 1.525640606470
4.5 2.4 8.289920673189
2.6 0.4 2.700799197791
8.7 7.2 12.317526482993
-0.3 -0.2 7.440430095095
35.7 26.2 37.202150475477
-9.3 -7.8 13.698087066146
-9.3 4.8 0.386578646248
9.6 -1.5 11.810959282920
-0.7 -1.5 0.781871710365
9.8 -0.4 2.051570016738
8.9 -0.4 3.295000011151
-0.7 -6.1 0.200000000000
-2.3 -6.1 1.400000000000
-7.2 -0.4 4.000000000000
0.2 -0.4 3.400000000000
38.5 -4.5 38.319968684747
-32.6 -4.5 33.253721596236
5.6 3.5 1.902592185864
5.6 9.4 8.057609032318
-33.9 4.7 37.831864876054
44.1 -5.7 40.858414066138
-4.4 0.2 2.900000000000
-4.4 -5.8 3.100000000000
39.2 22.1 47.985414450643
-25.8 -11.7 25.516269319789
-0.1 12.1 16.492422502471
-0.1 -18.3 14.945233353816
9.3 38.8 42.334146973808
2.3 -14.4 12.120231020901
8.7 5.3 15.597328073199
8.0 -7.8 2.205522907077
-12.9 -43.8 51.840235338972
3.9 10.2 4.712748667179
-3.8 2.8 2.859231483173
-3.8 5.7 6.450622782785
-3.1 -35.3 34.587859141612
-3.1 43.5 44.545706863849
37.2 -3.8 34.535199434780
-16.7 -3.8 20.276340892775
-7.7 2.0 1.000000000000
-7.7 -1.5 2.500000000000
-8.7 5.2 1.900000000000
-8.7 2.2 1.100000000000
-8.0 -5.0 13.100263952876
-8.0 7.2 0.757382817128
-3.4 -5.2 14.017788549202
8.0 -5.2 1.967719831238
-1.4 -5.4 1.800000000000
-6.8 -5.4 3.600000000000
6.2 -2.1 2.100000000000
6.2 -7.0 2.800000000000
-4.4 -38.9 37.711669281537
-4.4 16.1 17.640011337865
-5.0 -2.4 8.049844718999
38.2 -2.4 36.179552236035
7.5 -11.5 8.765842800324
-13.8 24.0 32.658536403213
-11.6 17.1 17.415510328440
46.9 -47.4 69.662041313760
-6.7 8.9 4.600000000000
-6.7 2.6 1.700000000000
-3.5 4.2 0.418747723562
0.3 4.2 4.785339756130
-2.2 -5.6 3.000000000000
-2.2 1.6 4.200000000000
-3.9 -40.6 41.593268686171
8.0 29.1 29.115288080320
-5.7 5.9 0.723804045672
-5.7 -2.2 9.514843399117
-45.3 4.3 46.503440732918
13.4 4.3 12.684636376341
-0.8 0.5 5.303772242470
-49.0 0.5 44.553899941532
7.1 2.7 2.700000000000
7.1 -3.7 3.700000000000
-1.7 -9.4 3.875055515602
-1.7 -6.7 0.345545787743
-4.3 -7.9 0.404812457788
-4.3 -4.7 4.020682577417
-16.8 10.2 19.374725804511
1.2 -7.8 6.081118318204
-9.6 4.1 6.474185383553
-6.2 6.9 1.634583339389
16.6 -32.1 31.939004367701
-8.1 23.0 28.778464170278
-10.4 3.6 11.727744881263
24.1 3.6 23.114713928578
15.7 -4.3 15.057224179775
-25.1 -4.3 26.764155133312
8.5 4.0 2.270682840168
8.7 -2.2 9.066202358563
7.0 -7.5 4.200000000000
0.3 -7.5 2.500000000000
6.6 -1.1 1.036584778076
6.6 2.8 5.549740672375
-2.1 -4.6 10.344333817080
-9.5 -4.6 2.281901671087
-8.3 -8.9 0.378863984421
-8.3 -2.7 6.679136633548
-1.5 20.6 22.925967809451
-1.5 -19.4 17.366634676874
46.1 -1.4 46.418638497914
-22.6 -1.4 22.945587811168
10.6 10.7 13.243866504915
-31.4 -16.9 37.924662160657
-4.8 -26.0 21.711287386979
-4.8 45.4 49.704929333015
-10.1 0.2 15.000000000000
19.6 -9.7 17.722866585290
-5.2 -5.5 2.661298090857
-5.2 -1.7 6.610133012441
4.6 -5.7 3.252691193458
4.6 3.5 7.273238618387
-37.1 -1.4 34.607080200445
10.7 -1.4 13.218547575282
10.5 -5.7 8.343860018001
-45.0 49.8 70.144992693706
-1.2 -9.6 0.700000000000
-3.1 -9.6 1.200000000000
2.6 -3.6 1.300000000000
5.1 -3.6 1.200000000000
7.2 3.9 16.600280644696
-6.0 -4.4 0.480955965252
-9.4 -1.5 11.157270308248
-0.5 -1.5 1.962414562980
3.8 0.9 1.400000000000
3.8 4.6 2.300000000000
-3.9 -0.9 3.200000000000
-3.9 -6.1 2.000000000000
-9.0 1.5 1.841606868919
8.1 1.5 19.807220376906
8.2 3.6 0.000000000000
-20.7 -35.5 48.621188796655
-8.9 -3.3 2.300000000000
-8.9 2.0 3.000000000000
3.1 -4.5 2.000000000000
0.1 -4.5 1.000000000000
-2.4 7.6 16.768657535754
1.4 -6.9 0.951857811983
4.4 -8.1 0.900000000000
2.4 -8.1 1.100000000000
-1.4 10.1 15.414927829867
-1.4 -22.4 17.673992191919
2.8 1.2 0.700000000000
3.9 1.2 0.400000000000
7.5 -3.9 17.984917122783
-6.8 -3.9 2.810426084104
41.5 1.5 37.825917041098
-34.3 1.5 38.025780728343
-9.9 -8.5 17.665193973119
-3.5 6.1 1.133893786121
-6.8 0.4 2.529822128135
28.0 12.0 39.212242986088
-9.9 7.8 2.251612440624
8.0 7.8 20.529170251913
-4.8 1.9 0.900000000000
-4.8 -2.5 3.500000000000
-2.7 0.7 2.302172886644
-15.9 0.7 11.374532957445
36.4 -4.4 40.007999200160
-11.8 -4.4 8.238931969618
-0.4 9.7 18.235824618490
6.2 -6.7 0.415247980114
5.7 2.1 7.693415323195
5.7 -2.3 2.736982726198
-43.9 42.9 63.811754403088
46.4 -47.4 63.953107821278
6.6 -7.1 3.700000000000
6.6 0.9 4.300000000000
5.2 -9.5 2.619321885493
5.2 -1.2 11.688226636443
-3.3 -0.1 2.360084744241
36.0 -0.1 37.426194035729
4.2 27.1 23.195258136093
4.2 -38.0 42.052467228452
7.6 -0.2 12.487193086144
-1.8 -1.3 2.598950549201
-26.6 1.1 31.246279778559
50.4 1.1 45.831539358830
-9.3 4.6 18.655369335699
0.1 -7.3 2.759140084217
-32.4 -26.1 41.000000000000
32.8 22.8 40.500000000000
6.7 1.1 5.946427498927
-2.9 1.1 4.472135955000
-5.0 -6.8 1.300000000000
0.8 -6.8 4.500000000000
1.5 -18.5 23.010649708342
1.5 5.3 1.063014581273
-0.7 0.8 2.104774586609
-0.7 2.9 5.004963150209
-7.8 -6.3 1.067331158890
-2.5 -6.3 6.503366862273
5.8 -7.3 1.082437297493
-9.6 -5.5 17.342572706983
3.7 -37.4 37.111723215178
-2.9 13.2 13.916896205692
-0.3 8.9 19.786350043054
-2.8 -9.2 1.006702633640
-39.1 -46.3 57.723478758647
7.7 11.3 16.492422502471
1.4 -9.8 2.300000000000
5.1 -9.8 1.400000000000
3.3 2.1 1.565064513721
-5.7 -1.8 11.519856125839
20.0 -11.8 28.814059068448
-19.0 19.4 21.130309983528
-18.2 13.8 18.117670931993
40.0 -25.0 51.951227126989
-3.1 -45.0 48.412498386264
-3.1 37.7 34.317633951075
-0.5 0.5 0.600000000000
-0.5 6.1 5.000000000000
-0.7 1.7 1.838477631085
2.8 -6.8 7.353910524340
3.0 -5.7 1.800000000000
3.0 -2.7 1.200000000000
-4.4 -2.4 1.400000000000
-0.6 -2.4 2.400000000000
-17.4 -29.8 36.897831914626
-2.0 9.8 6.963476143421
1.9 0.6 6.942621983084
-12.8 -0.3 10.977249200050
-4.6 0.4 0.600000000000
-4.6 -4.0 3.800000000000
0.4 -51.3 47.369188297880
0.4 33.7 38.011051024669
-4.3 -0.9 0.297342262916
-8.6 -0.9 4.748779566922
-0.6 -0.9 4.731842083634
-0.6 -4.1 1.257530247248
25.3 -0.3 27.247018185482
-45.7 -0.3 43.829214001622
4.1 1.1 0.809599897521
4.1 -4.5 6.562350224004
32.1 1.2 33.225442058760
-50.4 -3.8 49.700905424348
-0.5 -0.3 0.000000000000
4.6 -27.5 27.673995013370
-15.9 12.9 20.902152999153
26.8 -54.2 58.687306975188
1.8 -23.3 22.507998578283
1.8 34.8 35.605055820768
-1.2 3.5 8.429116205155
-1.2 -33.6 28.708535316174
-1.0 3.6 4.600000000000
-1.0 -1.8 0.800000000000
8.9 6.3 9.030483675460
6.2 -1.9 0.238971836093
2.4 -4.5 11.582101660746
1.7 5.4 1.496172044928
3.7 3.5 9.734509247101
3.7 -5.0 0.691282364346
-9.6 -2.2 8.921965720918
-9.6 4.2 1.854883573260
-3.5 7.7 4.600000000000
-3.5 0.3 2.800000000000
0.7 -1.1 5.232590180780
-6.3 1.3 5.232590180780
0.4 -0.7 2.126468209782
6.7 -0.7 8.818667463881
-1.8 2.0 2.320750894921
6.0 -4.0 12.921793164428
3.6 30.2 32.250271316688
3.6 -44.0 42.038553733448
0.3 -42.5 43.622471273416
0.3 40.2 39.125055910503
-35.0 18.4 36.695095040073
31.6 -7.5 34.763774248490
0.3 9.3 4.000000000000
-6.1 9.3 2.400000000000
9.7 -9.2 0.447314382540
0.8 -8.6 10.267216126781
-51.5 -24.6 57.245087125447
23.9 19.6 30.440105124654
-5.5 -2.4 7.134423592695
13.4 9.5 16.268988905276
23.0 -19.9 33.144079410960
-21.4 28.1 33.144079410960
3.0 -4.2 3.073249445032
1.0 -4.2 0.469801134968
7.6 1.1 2.700000000000
1.8 1.1 3.100000000000
6.8 -1.7 11.840608092493
-47.6 25.5 49.244289008981
1.0 29.2 34.201315764163
1.0 -23.3 18.302458851204
-8.3 -2.5 9.824968193333
42.6 -2.5 41.105960638331
14.5 0.0 10.523307464861
2.7 0.0 1.476482306023
2.4 32.4 30.306599941267
2.4 -32.0 34.667708317684
6.6 2.6 0.700000000000
6.6 7.2 3.900000000000
-1.9 -29.4 27.059933481071
-1.9 46.2 48.633321909983
-5.6 -32.5 31.360006377550
4.2 11.6 13.860014430007
-0.2 -3.5 1.300000000000
-0.2 -9.2 4.400000000000
-0.3 12.8 12.425779653607
-0.3 -39.6 40.007999200160
-2.0 0.9 1.435118843258
9.7 0.6 13.868211546452
-8.5 8.1 6.125137271678
-8.5 4.6 2.372512367009
-3.2 -43.7 39.073776372396
-3.2 3.3 8.352245207128
-1.6 -30.9 26.115512631384
-1.6 35.7 40.509998765737
-1.1 -5.2 1.500000000000
-1.1 -2.1 1.600000000000
-2.2 35.0 31.308145904860
-2.2 -7.8 11.887808881371
-8.2 6.6 1.361670628958
-8.2 -2.3 10.727943312047
4.5 8.3 7.661670881611
9.4 8.3 2.110857583542
1.6 1.3 0.700000000000
1.6 6.4 4.400000000000
-1.2 -2.2 1.100000000000
-3.5 -2.2 1.200000000000
5.1 0.7 0.984540077738
-1.3 0.7 8.053128221368
-2.9 -5.4 0.437283296796
-1.7 -5.4 1.790107297194
21.9 -44.2 49.840144462070
-25.4 46.1 52.208236898022
0.0 5.6 0.900000000000
1.4 5.6 0.500000000000
-27.0 29.0 38.302088715891
11.7 -12.4 19.912307751740
-8.2 6.1 12.653062870309
16.6 -18.7 24.221065211918
9.0 4.9 14.626091088556
9.0 -8.5 0.678591880210
-0.9 2.9 11.461287162459
-0.9 -5.8 2.453099866443
-0.6 -5.9 2.243069743914
7.8 7.2 18.354746293795
4.4 -48.2 49.244390543492
4.4 9.9 10.335376142163
-3.2 36.5 31.187337173924
3.1 -3.1 8.910667763978
1.7 24.9 23.965391713886
1.7 -1.0 5.277309920784
7.4 1.3 2.142334084457
9.3 -3.6 7.583969157555
-36.5 -3.9 40.659685193075
49.9 -3.9 46.040960024743
24.4 13.5 30.758576039862
-35.4 -13.8 35.756118357562
-22.9 -35.9 40.718054963370
20.0 20.2 30.037643050013
-28.3 2.6 31.240998703627
44.5 2.6 41.630757860025
0.8 -4.8 7.128459655448
3.5 -8.3 2.285978278333
1.1 -7.9 9.490808870859
8.7 -5.7 0.791884506059
7.7 7.1 0.870667519042
4.6 5.5 4.633081031614
-1.2 9.8 2.378847269494
6.4 7.0 11.099423264830
0.3 -0.5 2.529822128135
39.5 -0.5 38.474926900515
-9.7 2.9 6.929646455628
39.3 2.9 44.371387176873
-4.5 0.0 0.000000000000
29.8 -8.4 35.313595115762
1.5 -9.4 2.017430280490
-0.2 -9.4 3.861824919250
9.0 4.9 18.429344137913
-1.4 -6.8 2.668862396577
1.1 -6.2 1.600000000000
1.1 -2.4 2.200000000000
-0.8 -41.1 37.582575749940
-0.8 23.6 27.783448310100
-4.7 -3.1 1.200000000000
0.8 -3.1 4.300000000000
1.5 -35.6 37.592552453910
1.5 47.4 45.758059399411
1.5 42.0 37.277338960822
1.5 -37.2 42.068515543099
-50.8 -3.2 49.645644320524
13.9 -3.2 15.667801377347
-7.4 2.6 6.933974329344
41.9 -29.7 52.004807470079
17.2 2.9 14.669696656714
-16.8 2.9 19.798989873223
29.7 7.9 31.848704840229
-24.7 -6.5 24.869660230892
0.5 -1.8 9.823669876470
0.5 -9.7 1.256888655681
28.8 3.8 26.508866441249
-3.3 3.8 6.184658438426
6.7 0.6 1.800000000000
6.7 -2.5 1.300000000000
-48.5 0.5 49.703118614429
42.7 0.5 41.722895393297
3.0 1.1 2.324337512097
3.0 5.0 6.385422923683
-4.7 4.1 3.634556369077
42.3 4.1 46.639146647425
0.7 -24.9 25.412595302330
0.7 49.3 48.806556936543
13.5 -0.9 11.287160847618
-22.7 -0.9 25.039169315295
-9.6 -8.6 1.915695519225
7.0 -8.6 18.688440273403
-7.3 35.0 32.937061192523
19.7 -33.4 41.057155283824
5.6 -3.4 7.254073494138
5.6 2.4 0.984123730478
-33.7 -43.3 54.834022285439
23.9 22.3 33.188702897221
2.6 -8.7 0.246795207407
-7.2 -4.0 11.702450453699
-28.8 -20.3 35.531676008880
8.4 0.1 7.905694150421
-4.3 -8.2 3.717001425098
-7.4 -8.2 0.379430920473
6.7 6.1 14.180418871473
-1.5 -2.5 2.197586456284
-9.2 8.0 2.236294794276
-9.2 3.9 6.958877148186
1.1 9.3 15.298369761635
7.8 -3.2 0.284673290486
-7.9 4.2 2.591324941231
-7.9 5.9 4.737764706078
0.7 -1.6 1.700000000000
-3.8 -1.6 2.800000000000
-3.6 1.0 3.000000000000
-3.6 5.1 1.100000000000
-1.2 0.6 0.246278618328
3.8 7.7 9.041334861521
-8.7 3.8 3.800000000000
-8.7 -1.2 1.200000000000
-2.5 -2.8 5.000000000000
7.4 -2.8 4.900000000000
-9.0 -4.5 1.894531820055
-8.3 3.0 10.241061561940
-42.8 3.5 40.870527278223
32.4 3.5 34.483619299604
-20.8 22.3 26.989812893016
18.2 -23.2 33.394610343587
-33.8 1.1 33.792602740837
18.9 1.1 19.163767896737
-1.4 9.4 3.200000000000
3.1 9.4 1.300000000000
-38.1 0.4 35.077058029430
40.7 0.4 44.219452732932
-1.7 -2.5 2.000000000000
-1.7 2.7 3.200000000000
0.9 2.2 2.492786028221
-8.7 2.2 12.687520332400
29.3 -3.6 30.662028634779
-29.9 12.4 30.662028634779
-2.4 9.9 1.700000000000
-7.2 9.9 3.100000000000
-0.3 0.5 1.800000000000
-0.3 -1.5 0.200000000000
3.5 -15.8 20.619408332928
3.5 10.6 6.708203932499
9.3 2.5 9.628296286115
1.3 -1.3 0.350635546502
-7.6 5.7 8.851340403695
-1.4 5.7 2.280614262513
38.5 0.3 36.244171945293
-25.5 0.3 28.313247782619
-9.6 0.9 7.981336314791
-7.8 -3.6 2.265732439629
-8.6 -0.8 1.300000000000
-8.6 -7.0 4.900000000000
-13.5 -30.0 29.904013108611
5.7 35.6 38.448016853929
30.3 -1.1 28.991378028648
-21.3 -1.1 23.264135487914
-2.9 8.2 0.354430403341
9.8 6.1 13.509536199247
-13.3 -8.2 14.080127840329
21.8 2.2 22.528204544526
2.1 8.7 10.307764064044
2.1 -39.7 38.481294157032
-4.6 49.5 49.004999744924
-4.6 -38.8 39.306233602318
-3.4 -2.1 3.500000000000
2.0 -2.1 1.900000000000
-6.8 -0.9 3.500000000000
-6.8 6.0 3.400000000000
-0.8 -7.4 4.800000000000
5.2 -7.4 1.200000000000
-3.1 0.9 1.445654664835
-3.1 3.3 4.640840827249
-9.7 8.9 2.745942610243
-9.7 -1.9 13.686092162263
5.8 -9.5 8.560939854371
5.8 -1.7 0.645909355978
-1.4 2.0 3.000000000000
-1.4 -2.8 1.800000000000
-2.3 5.3 9.908552634118
-2.3 -1.9 2.083038973642
-6.7 -7.1 2.361832721103
-6.7 6.0 15.875207647936
-1.9 3.0 2.374144911050
-1.9 -2.5 8.141317341554
42.7 -5.1 36.492739003807
-42.7 1.0 49.124840966664
-1.0 5.4 2.138447675254
1.3 5.4 4.568051267847
-0.5 -0.1 1.484263181939
-5.6 -4.8 8.946199060823
-2.5 -0.9 1.023827871291
3.4 -0.9 7.074462324887
-2.0 -0.1 1.400000000000
3.2 -0.1 3.800000000000
-7.5 -3.2 12.510491410844
2.1 -3.2 2.309063500153
-3.4 -1.7 2.585277477289
8.7 -6.6 15.922837883569
7.4 -5.1 7.632168761237
-47.2 28.5 56.478048833153
5.7 6.3 0.460422030572
5.7 9.2 3.910063484168
-8.5 -1.2 1.500000000000
-8.5 5.1 4.800000000000
0.6 -50.2 49.204979422819
3.6 2.3 4.957822102496
-5.8 -2.8 2.169648551155
-9.2 -2.8 6.391265381429
-9.0 -27.4 24.977589955798
11.4 18.2 24.977589955798
17.3 8.5 14.358969322343
-17.8 -1.9 22.703523955545
-36.6 45.0 62.936475910238
42.6 -36.0 50.349180728191
2.7 0.5 0.600000000000
6.7 0.5 3.400000000000
3.2 3.8 4.753053140868
2.8 7.4 0.945545286641
-46.2 -21.3 55.133474405301
46.2 23.5 47.817360864021
18.3 -8.3 16.876018487783
-43.8 12.4 49.161977177490
18.9 5.5 20.220039564749
-10.8 1.9 10.511898020814
44.6 -10.1 49.502525188115
-47.9 12.4 45.694638635183
6.8 2.3 2.500000000000
6.8 5.2 0.400000000000
6.3 4.1 8.321753532454
6.3 9.6 2.270661199819
-1.2 -8.9 2.000000000000
4.1 -8.9 3.300000000000
1.5 -43.4 41.281957317937
1.5 3.3 6.083584469702
9.5 1.3 4.600000000000
9.5 -4.5 1.200000000000
1.1 35.2 32.658383303526
1.1 -13.6 16.904733065032
0.2 39.6 41.508553335427
0.2 -15.8 14.317821063276
35.5 -6.9 33.143626838353
-6.5 1.5 9.688137075826
3.4 -1.7 13.142894956589
-6.7 -6.9 1.452930097436
-3.0 -0.6 0.000000000000
29.9 23.9 41.020238907154
-3.2 -4.8 1.530452551391
-9.8 -9.0 9.963060635883
4.4 -2.6 6.716497742932
4.4 1.6 2.399198338405
-0.3 -6.8 8.787939081494
-0.3 -1.1 2.750008637304
-0.3 0.7 0.447213595500
-0.3 -35.1 35.400564967243
-47.6 17.7 41.407366494381
31.6 -6.5 41.407366494381
4.7 8.9 10.623088063270
4.7 -5.3 3.667424164178
-6.4 4.0 4.400000000000
2.0 4.0 4.000000000000
-20.6 -9.1 21.840329667842
38.2 7.7 39.312593402115
-9.1 47.3 45.276925690687
1.5 -48.1 50.710156773570
-7.7 -2.1 0.900000000000
-7.7 -6.8 3.800000000000
-1.0 3.2 10.997255957553
9.0 3.2 0.536184908845
-8.2 1.2 0.400000000000
-8.2 -0.8 1.600000000000
-12.0 11.0 19.860010070491
49.2 -23.2 50.782871127970
-9.5 -7.3 16.230762654290
3.8 -1.4 1.016943063957
-6.0 -5.2 2.034962423429
-8.3 -5.2 4.726474194484
1.7 -2.3 14.033795381052
1.7 9.4 1.956035230961
-0.1 -8.6 5.240229002630
-0.1 13.5 18.533483212823
4.0 -4.5 0.963629447892
-1.6 -8.0 8.020030934068
0.5 9.5 11.307577476666
-8.8 9.5 1.892603238865
-8.0 3.7 11.768602295940
25.3 7.3 22.637358503147
4.7 45.6 47.651757575141
4.7 -27.2 25.583783926542
-7.7 -3.1 1.823471920601
-5.3 -3.1 4.610222039788
3.9 -5.8 5.608921464952
3.9 45.8 46.113121776778
-26.5 35.1 49.156586537310
28.6 -29.5 35.750244754407
5.9 10.7 12.940247292846
-40.0 -16.5 40.920654931220
1.6 -3.3 7.665507158695
-3.3 2.3 7.130918594403
12.5 23.2 25.006399181010
-2.2 -2.0 4.167733196835
-8.9 -9.3 2.678052834770
-8.9 -9.2 3.126059892613
-1.6 -8.8 5.000000000000
-1.6 0.4 4.200000000000
12.5 33.9 35.802234567133
-3.5 -10.9 12.258874336578
6.0 6.4 3.600000000000
6.0 -1.8 4.600000000000
-3.7 0.7 4.200000000000
2.4 0.7 1.900000000000
28.0 -0.7 32.599386497295
-27.2 -0.7 23.082460874006
28.0 9.4 32.960734215123
-41.3 -15.8 41.116663288745
9.6 -1.8 14.645477117527
-39.0 -1.8 34.866172717980
-16.0 -13.4 22.770595073471
24.0 10.6 23.935329536064
7.5 3.0 3.800000000000
7.5 -1.8 1.000000000000
-3.5 3.9 2.800000000000
0.0 3.9 0.700000000000
-6.0 -2.9 2.573910339863
8.4 0.0 17.805223278645
7.2 15.2 17.901117283566
-35.7 -44.2 55.553397735872
-1.5 -0.7 4.301162633521
25.5 -14.7 27.540878707841
-3.6 -33.9 32.031546949843
-3.6 34.9 37.013781217271
-1.2 5.2 2.600000000000
-7.0 5.2 3.200000000000
-6.5 2.3 1.946492376122
0.0 2.3 8.898191326463
-7.7 8.6 4.800000000000
0.6 8.6 3.500000000000
-26.8 39.5 50.951447476985
26.0 -34.1 39.628903593211
1.7 -0.3 1.983330002728
1.7 -7.2 9.735772578389
-36.4 -10.1 36.049965325920
34.4 13.5 38.579787454054
-6.7 8.7 4.400000000000
-6.7 1.8 2.500000000000
0.4 2.8 4.701063709417
0.4 -38.1 36.871804946327
3.0 12.4 12.457929201918
3.0 -15.6 15.646085772486
-3.2 -2.0 10.066831957230
-7.2 5.1 1.344156441894
0.8 -3.8 8.290202230481
0.8 1.6 2.696524229788
0.2 -16.3 13.583077707206
0.2 5.2 8.139410298050
0.2 7.6 3.800000000000
6.7 7.6 2.700000000000
-6.7 -0.9 2.300000000000
-2.6 -0.9 1.800000000000
20.3 -0.6 21.783020910792
-23.8 5.7 23.853720883753
-1.2 -0.5 0.810360512508
8.9 -0.5 11.224068835202
-8.8 3.2 20.900479066194
8.5 3.2 2.836844637817
-5.5 2.6 3.700000000000
-5.5 -2.7 1.600000000000
-4.4 8.0 1.445562602431
2.0 -8.7 19.843338623691
0.0 -2.5 2.200000000000
-4.2 -2.5 2.000000000000
-3.2 0.9 0.691429411855
2.5 -2.9 8.129425568807
-11.7 -13.3 16.341664541900
13.9 13.9 21.010711553872
4.1 -0.7 12.002819424328
4.1 8.0 2.510882371219
9.6 4.8 16.715874951166
-4.7 -0.3 0.863415631859
-6.1 6.4 1.319063544177
-6.1 -2.3 10.722992567458
-9.1 -1.9 15.617571769552
3.5 -5.1 1.738161783976
6.1 1.4 1.195322838088
6.1 8.1 8.600789773826
-6.8 8.3 1.718668338533
4.7 8.3 14.106217553851
-20.6 2.7 19.314502323384
31.9 2.7 33.366150512158
-15.3 -0.5 15.806960492138
28.1 -0.5 28.071693928226
23.9 4.1 26.644323973409
-50.5 4.1 48.134810688316
-2.6 9.7 0.600000000000
-0.6 9.7 1.400000000000
-5.6 -2.8 1.300000000000
-5.6 3.0 4.500000000000
-0.1 -4.9 2.800000000000
4.7 -4.9 2.000000000000
3.9 -1.9 1.027634334618
3.9 -2.7 2.380527852225
-42.6 -1.7 40.221014407894
8.0 -1.7 10.480935072788
-8.7 6.8 1.258242788346
-0.5 -6.4 17.388913955439
-3.8 4.5 2.596150997149
-3.8 -18.3 20.312065379966
-32.8 -1.2 37.338719849507
33.4 -1.2 28.949956822075
-2.1 4.1 3.800000000000
6.4 4.1 4.700000000000
4.0 19.6 24.862019226121
4.0 -41.0 36.179552236035
-1.3 -1.0 2.121320343560
44.9 -1.0 44.725160704015
-3.6 40.2 41.514575753583
-3.6 -22.1 20.829066229671
17.5 -12.5 21.023796041629
-7.2 -0.8 6.307138812489
-19.2 -2.6 18.216476058777
32.4 -2.6 33.716464820618
13.3 3.3 18.242806801586
-37.9 3.3 33.941125496954
28.1 4.5 24.268498099388
-29.5 4.5 33.792306816789
-9.8 4.3 7.103282676745
-9.8 -0.9 1.068687769462
2.6 -8.3 0.332469631927
8.6 -8.3 6.905083036766
5.7 8.3 2.083227456715
-1.3 8.3 9.854920916178
-43.9 -32.3 53.943118189441
1.1 0.7 1.860107523774
2.5 7.5 15.291688876657
-9.4 5.0 2.431063791179
-14.9 42.0 48.023431780746
7.5 -44.8 41.620307543314
-1.5 -8.8 9.248017516853
-1.5 -0.2 0.359252834354
25.7 50.2 49.254948989924
0.5 -7.2 13.433167906343
-8.6 1.7 7.602631123499
25.4 1.7 26.400757564888
28.4 13.5 22.285421243495
-37.9 -12.0 48.749358970144
37.1 2.0 32.344705903749
-31.5 2.0 36.339785359850
4.4 -41.9 40.870527278223
4.4 4.3 5.909314681078
-9.6 -4.8 1.000000000000
-9.6 -1.1 2.700000000000
-21.4 24.6 37.489198444352
22.4 -11.9 19.525624189767
-1.8 0.4 3.168034603078
-1.8 0.7 2.374848218350
2.0 7.7 14.628170455159
8.9 -1.1 2.600510746245
8.3 -6.0 5.590457053296
8.3 -2.9 1.720837800087
3.6 6.1 1.100000000000
-0.2 6.1 2.700000000000
-7.7 -8.9 4.400000000000
-7.7 -0.6 3.900000000000
3.9 -8.5 4.000000000000
-2.2 -8.5 2.100000000000
-27.0 -42.6 48.808298474747
24.4 34.5 44.135246685614
4.3 23.8 23.195258136093
4.3 -27.2 27.978920636794
1.5 -0.6 1.213696031925
2.8 7.8 9.976848408841
1.0 0.7 5.961713720065
1.0 -2.5 2.355453074495
3.6 8.1 2.804501253655
-0.8 -6.1 18.244744254078
-1.6 19.0 22.252415599211
-1.6 -25.4 22.451057881534
1.5 -31.7 33.005454094740
1.5 26.6 25.307113624434
-3.2 22.4 22.000454540759
-3.2 -6.1 6.926037828369
-4.5 1.9 1.200000000000
-4.5 3.3 0.200000000000
0.8 0.5 7.397972695273
47.0 50.0 61.691490499096
9.9 -2.8 1.000000000000
9.9 0.9 2.700000000000
0.4 -1.6 3.200000000000
6.0 -1.6 2.400000000000
2.3 16.0 21.246176126541
-3.9 -52.2 47.610503042921
-3.6 0.8 1.400000000000
0.5 0.8 2.700000000000
3.8 0.2 8.340778540464
3.8 -5.6 2.136021854212
-0.9 25.0 26.764155133312
-0.9 -47.6 46.409050841404
-8.1 -1.9 15.998102109418
5.1 1.5 2.159457999369
-33.5 4.0 36.000138888621
13.2 4.0 10.700467279516
-4.8 -9.2 12.324094917203
-3.5 2.4 0.259415603334
-13.3 20.0 26.122212769978
1.9 -18.0 15.542522317822
-9.8 -2.8 2.484157191868
-9.8 3.3 9.398573727231
2.0 41.6 36.886040720034
2.0 -24.1 29.235081665697
-9.6 6.8 1.754595998914
7.3 1.2 20.430795169794
-0.3 4.9 14.544312101652
-0.3 -7.1 1.752891596637
7.3 4.6 19.112407117911
-8.7 4.6 2.270744108892
-30.8 -2.3 35.345155254999
42.8 -2.3 38.533102652135
4.4 33.6 30.442076144705
4.4 -34.8 38.033669294455
-2.1 -6.1 3.400000000000
4.1 -6.1 2.800000000000
0.8 37.0 33.609522460160
0.8 -33.2 36.608742125345
1.8 -5.7 16.252105038866
8.9 7.3 0.613972386823
-0.4 5.8 2.080023918045
9.3 5.8 12.662934379572
1.5 -8.9 3.400000000000
8.9 -8.9 4.000000000000
2.3 9.6 7.357383415066
3.3 4.4 1.446647214674
8.1 2.7 9.688137075826
-10.9 2.7 9.688137075826
6.2 1.5 1.389504930932
6.2 1.9 0.441324365111
-9.7 6.1 2.802451797686
-9.7 -2.4 11.816726202405
0.0 9.4 0.400000000000
3.3 9.4 2.900000000000
49.9 2.9 47.802614991232
-17.9 2.9 20.006249023743
-32.4 -41.3 50.490593183285
26.1 32.2 44.283179650969
-46.6 -29.1 60.320560342225
27.4 26.9 32.480301722737
0.3 1.0 10.789563938588
0.3 9.5 2.042240913505
1.9 1.3 3.000000000000
1.9 4.7 0.400000000000
22.9 -25.7 32.534596969995
-2.1 -0.7 4.301162633521
4.9 6.0 0.938864886047
4.9 2.0 5.588916299858
0.6 -2.3 4.500000000000
-6.3 -2.3 2.400000000000
-1.2 -2.9 4.200000000000
3.6 -2.9 0.600000000000
-4.5 -1.8 2.900000000000
-4.5 4.7 3.600000000000
-12.1 -11.6 22.496444163467
28.9 24.4 33.188702897221
26.1 -0.3 29.068883707497
-13.9 4.7 11.401754250991
44.4 -4.6 41.314041196668
-7.8 -4.6 11.868024266911
-38.8 44.2 58.271948654563
33.2 -29.4 45.502747169814
0.1 8.3 2.900000000000
-4.8 8.3 2.000000000000
-5.5 -9.4 2.896215955784
-3.6 -9.4 5.675190022158
4.8 2.6 4.000000000000
-3.9 2.6 4.700000000000
-38.1 36.2 54.430322431527
35.0 -35.2 48.460808907817
-41.0 -20.1 41.029989032414
43.0 13.9 50.046578304615
7.0 -3.9 2.400000000000
7.0 3.1 4.600000000000
-0.6 3.1 4.800000000000
9.0 3.1 4.800000000000
-2.0 -3.9 2.000000000000
-8.0 -3.9 4.000000000000
-2.8 8.3 2.400000000000
4.0 8.3 4.400000000000
-3.8 -7.2 1.467969387899
-3.8 -7.4 2.012393780046
2.9 7.7 0.617821516312
2.9 -6.6 15.752610639927
-7.0 1.9 1.111871501422
-7.7 1.9 2.573458670900
4.1 44.4 47.544189971015
4.1 -31.8 29.036700914532
-48.8 2.4 48.242097798500
15.2 2.4 16.324827717315
-48.9 26.2 54.828550956596
37.1 -21.1 43.428331766256
9.2 3.9 4.400000000000
9.2 -5.2 4.700000000000
4.2 5.5 1.708800749064
4.2 -6.5 10.417293314484
-42.7 -34.7 45.453272709454
6.3 5.9 18.181309083782
-43.9 4.6 44.807142287809
34.5 4.6 33.609522460160
0.5 1.8 3.492849839315
-11.0 6.3 10.183319694481
-3.5 35.1 35.354349095974
-3.5 -28.9 28.988445974215
-2.8 5.9 1.400000000000
-6.0 5.9 1.800000000000
-0.3 -1.2 2.200000000000
-0.3 3.9 2.900000000000
-4.3 -4.6 2.500000000000
1.4 -4.6 3.200000000000
-18.1 31.0 40.021619157650
33.3 -46.1 52.641048621774
7.9 -3.9 13.490923941041
7.9 7.6 1.771845753355
-8.3 2.4 0.389776886248
6.5 2.4 15.730903946125
2.8 0.6 2.153288770934
-5.9 0.6 10.983995102727
-15.3 -41.6 48.023535896475
13.2 36.3 34.926207924709
-15.7 1.0 17.084788555906
16.5 1.0 15.294770348063
-2.8 5.0 1.100000000000
1.4 5.0 3.100000000000
-1.9 -26.8 26.353178176455
-1.9 16.4 17.729354190156
-7.5 0.8 5.500000000000
25.7 25.7 36.000000000000
3.6 34.4 41.231662590781
-6.0 -24.8 18.741664813991
2.7 -19.8 23.082460874006
2.7 4.8 4.024922359500
4.3 -3.0 7.576938695806
4.3 44.6 40.703439658093
-1.6 -38.8 43.405644794197
-1.6 53.8 49.204979422819
-5.0 5.9 2.700000000000
-5.0 0.9 2.300000000000
8.3 -8.8 8.140587469048
8.2 -3.4 2.118608930189
-40.6 36.6 60.196760710191
27.8 -35.6 39.258756984907
0.7 -33.0 34.337151891210
0.7 29.8 29.197260145431
22.7 -43.8 42.521759135765
-4.8 -1.3 8.099382692527
2.6 -4.5 6.950192152111
8.0 -4.5 1.388999222288
17.5 2.7 22.161678636782
-13.2 2.7 10.062305898749
-6.9 -7.4 18.472152396495
9.0 -8.0 1.896593751593
-34.9 29.5 43.020227800420
-0.1 -1.7 5.508175741568
-9.2 4.0 1.065113096452
8.4 4.0 19.017162252080
50.2 14.2 52.551403406569
-24.5 -2.4 23.970815588962
-0.8 -51.5 48.058506010903
-0.8 12.0 16.080111939909
-1.3 -3.2 11.952178775733
9.5 -3.2 1.021698252366
5.0 18.8 20.339370688396
5.0 -26.3 25.371243564319
43.9 -35.1 51.624509682902
-44.5 29.5 58.053854307875
-31.5 43.9 61.320877358368
12.0 -25.7 20.754758490525
8.0 2.7 1.966644930208
7.6 3.2 2.962958311621
5.8 9.3 2.786049757205
5.8 -5.5 17.956658637313
-35.1 -8.7 32.025770872846
14.5 6.8 20.393136100169
3.2 -47.3 45.518567640030
3.2 25.3 27.131162894355
-6.3 -3.7 1.558952604657
-7.8 -3.7 3.774310019247
14.6 -1.4 17.472263734273
-34.6 -1.4 32.753625753495
8.7 -8.2 3.900000000000
3.6 -8.2 1.200000000000
-1.3 -8.1 10.989540481749
-1.3 7.5 5.780138406647
18.0 39.5 49.007958537364
-7.0 -8.5 7.653757247261
5.4 5.3 19.567388857149
-3.6 -9.2 1.736947458632
7.7 3.1 12.928263611174
-45.1 -1.7 41.105960638331
-13.7 29.5 27.511815643465
5.5 -28.1 33.203915431768
29.8 -3.9 35.281723313920
-36.2 0.6 30.871507899680
7.2 -5.8 14.873704967356
-4.7 -5.8 2.496097152252
2.5 37.8 42.582860401810
2.5 -45.1 40.894620673140
-6.5 4.5 1.436122184758
-6.5 3.9 0.536958632079
27.9 33.9 40.165905940237
-18.9 -31.1 40.165905940237
5.0 -5.6 3.532397560024
5.0 -5.4 2.678479958197
12.3 -3.3 12.854960132182
-31.7 33.7 46.349217900629
-6.2 -1.0 3.600000000000
-6.2 -7.7 3.100000000000
0.8 7.0 0.677722136920
8.8 7.0 9.454580669878
43.4 -5.0 45.213382974513
-2.3 -5.0 3.255764119220
1.7 9.6 10.321175978533
9.9 9.6 1.745549756267
0.3 -6.1 3.900000000000
6.5 -6.1 2.300000000000
4.4 20.4 19.825236442474
-11.0 -30.2 34.000000000000
-1.0 -7.6 0.411135093655
-7.8 -3.5 9.079669806193
49.6 43.4 63.941379403325
-38.4 -39.1 57.400783966772
8.3 3.4 3.700000000000
8.3 -2.7 2.400000000000
-16.5 5.0 18.337120820892
18.5 5.0 17.356554957710
30.1 43.3 52.341379423932
-25.9 -30.3 40.871750635372
0.2 -8.9 1.646150744812
6.6 -8.9 8.535730894768
8.4 -8.9 8.445843487694
3.7 -8.9 2.853614611383
-24.2 0.5 25.128668886354
30.3 0.5 29.424479604574
0.1 -0.6 1.100000000000
0.1 0.9 0.400000000000
8.1 -5.3 7.155417527999
-6.3 23.5 25.043961347998
4.4 -4.5 7.000714249275
-2.4 12.5 11.308846094982
-15.1 0.2 14.703060905811
0.2 0.2 0.670820393250
-4.0 8.3 0.500000000000
-1.4 8.3 2.100000000000
16.0 4.7 15.667801377347
-22.0 4.7 23.114497615133
-7.3 -0.1 0.380777283006
-7.3 -2.7 3.276510085844
3.5 -17.4 13.426093996394
3.5 11.9 17.500000000000
-9.1 13.2 9.948869282486
23.9 -13.8 32.689141928169
3.1 -7.4 0.428280924126
7.3 -9.7 5.419694144746
5.2 -5.4 21.228482592641
-9.1 6.0 2.772164381127
9.4 4.6 7.158634398494
3.8 4.6 0.969464773384
-10.0 10.3 11.738824472663
17.9 -5.2 20.821623375712
-9.5 -6.7 14.146492119621
-9.5 4.6 2.066410970989
-28.5 -0.4 23.521266972678
19.0 -0.4 24.020824298929
-9.5 -2.3 1.706312115530
-9.5 -5.8 6.099892799277
-42.7 -4.6 40.175863400803
12.5 -4.6 16.005624011578
-3.3 -46.8 47.793828053421
-3.3 39.5 38.938156093991
-5.3 -6.8 3.800000000000
-5.3 1.2 4.200000000000
-30.8 18.6 37.676650594234
4.4 -6.2 5.382378656319
-29.5 25.8 34.789653634378
20.6 -24.3 36.062445840514
28.7 -14.8 27.200000000000
-44.8 24.4 56.100000000000
-7.4 4.2 14.058846913840
5.2 2.2 0.903907723577
-3.9 -16.2 17.634341496070
-3.9 7.3 6.001666435249
6.5 -0.2 10.657209840681
-1.3 -0.2 2.473396281388
-0.8 4.1 11.953252236157
8.8 4.1 1.957807741955
3.3 33.3 34.003676271839
3.3 -8.7 8.015609770941
-7.6 -3.4 0.700000000000
-7.6 -8.3 4.200000000000
-5.0 -1.2 0.300000000000
-5.0 -0.3 0.600000000000
-11.2 14.6 23.703375287077
29.0 -32.3 39.115214431216
-3.2 30.6 32.401388859121
-3.2 -25.2 23.401922997908
-26.2 -33.6 44.371725231278
0.2 6.0 3.551056180913
-5.4 8.4 6.737341117400
-0.8 8.4 1.539346447976
37.2 18.4 48.969888707245
-35.8 -18.1 32.646592471497
-0.1 50.1 48.554505455210
-0.1 -38.8 40.465417333817
-28.2 -3.2 32.818439938547
44.6 -3.2 40.015122141510
5.2 8.1 2.785004444172
9.7 8.1 7.787495425715
7.4 -17.0 19.000000000000
-9.1 5.0 8.500000000000
2.9 28.6 27.060118255470
-13.2 -31.2 35.106979363084
2.4 -2.0 7.206941098691
-45.9 -2.0 42.145581025773
9.5 -0.7 13.954714380013
-3.2 -4.1 0.643427353372
-0.5 2.6 4.100000000000
-6.5 2.6 1.900000000000
-4.9 5.8 8.426292034674
2.4 5.8 0.440078686658
10.0 -13.7 19.420092687729
-26.3 35.8 43.144872232978
9.6 6.3 1.347115534084
7.5 6.3 4.340524583288
3.4 -5.1 0.400000000000
5.1 -5.1 1.300000000000
3.5 19.7 17.441330224498
3.5 -28.1 30.423674991690
-8.8 -3.5 3.864367338084
-7.1 -3.8 1.345632803232
-5.5 -4.6 2.841785262126
-2.2 -4.6 6.481432747433
-0.1 6.8 6.326250830179
3.1 6.9 2.439109093264
4.6 -4.2 15.317959889475
-9.8 -4.2 0.437537418769
0.9 -7.4 2.642575315921
-9.5 5.3 19.614592559257
-3.9 7.5 6.995169401559
-3.9 1.6 0.724290982645
-8.7 4.2 0.993203146030
-8.7 3.5 2.213632968871
2.2 -6.7 7.179196769170
-1.7 -2.3 0.520489015902
-25.1 -4.9 21.897945109074
7.3 -4.9 11.384199576606
-2.8 -0.3 4.527692569069
27.6 -11.5 30.641475160312
-1.7 3.4 1.190399497016
-1.7 3.5 0.935064360570
-26.5 27.2 29.557063453598
17.9 -17.2 33.234018715768
7.5 -6.7 1.119228160053
3.4 -4.4 6.299483060086
1.7 -5.7 1.400000000000
-0.3 -5.7 0.600000000000
8.4 -3.3 11.197321108194
-3.9 -3.3 3.667424164178
-4.4 3.0 2.000000000000
-4.4 -3.3 4.300000000000
-5.4 5.8 3.111707186397
-5.9 5.8 1.901817310498
-18.1 -3.3 22.539077177205
49.3 -3.3 45.069390943300
-0.9 -10.1 10.012492197250
-0.9 35.1 35.203550957254
-8.8 -1.6 2.340669032491
-9.9 9.7 13.916067931836
45.5 40.5 62.016530054494
-37.9 -29.0 47.276209661943
-6.2 -4.1 0.200000000000
-6.2 -4.7 0.400000000000
2.2 4.9 1.800000000000
2.2 1.8 1.300000000000
-1.5 3.7 2.900000000000
-5.1 3.7 0.700000000000
-9.3 3.9 16.874075234232
2.2 -7.4 0.285972151812
-1.2 8.0 2.400000000000
-5.5 8.0 1.900000000000
-6.9 -4.7 4.500000000000
-1.2 -4.7 1.200000000000
-3.0 -43.1 40.080543908485
-3.0 44.3 47.651757575141
-15.1 -16.8 20.649455198624
25.6 46.1 54.820616559831
-13.0 9.1 10.667708282476
0.5 -13.9 16.001562423714
3.9 -7.2 3.998836074224
1.3 -7.2 1.294105832014
-1.8 5.4 19.465964404446
8.1 -8.9 1.834603720667
-5.2 0.2 1.600000000000
-5.2 -5.5 4.100000000000
-43.6 46.6 59.266347955649
23.3 -20.3 35.373436361202
1.7 5.8 1.000000000000
4.6 5.8 1.900000000000
13.9 36.1 43.560073461830
-16.7 -44.9 43.560073461830
1.4 3.1 5.403702434443
-36.3 3.1 34.556186132153
2.1 -43.6 42.068515543099
2.1 36.8 38.474926900515
-16.2 -28.2 28.075077916188
15.3 16.8 26.854422354614
10.4 10.1 5.173973328111
-36.4 -30.7 56.913706609217
-4.7 9.6 2.500000000000
-0.4 9.6 1.800000000000
-1.0 -3.2 2.000000000000
5.3 -3.2 4.300000000000
7.6 5.4 0.381100994820
7.6 0.5 5.775939558132
-3.7 7.7 3.120307186131
-3.7 8.1 2.112243989467
-15.8 -37.4 46.058441137320
4.2 6.6 4.356604182158
-1.1 -9.0 9.218987673240
-7.3 -7.2 2.532816291586
-4.3 -8.1 3.900000000000
1.0 -8.1 1.400000000000
8.9 0.5 3.717174901449
7.9 0.5 1.900101951788
43.6 43.3 50.770266889194
-44.9 -45.2 74.387633380825
-3.3 -6.9 2.800000000000
-3.3 -0.1 4.000000000000
-16.9 -1.9 20.073116349984
18.3 -1.9 15.749603169604
32.4 2.7 28.844410203712
-15.6 2.7 19.266551326068
-7.5 0.7 12.907362240210
30.3 -31.7 36.878177829172
-9.4 9.4 1.207726503792
-0.7 9.4 10.012188405574
3.6 7.8 3.900000000000
-0.7 7.8 0.400000000000
-3.9 -4.6 10.716809226631
13.7 3.0 10.716809226631
17.2 -2.6 17.315888657531
-34.0 -2.6 34.058772731853
6.2 -2.6 14.983324063772
-45.1 22.1 41.953307378561
-9.4 -7.9 10.510726626244
-9.4 -0.4 2.333605496902
-48.0 -4.8 45.200442475710
4.0 -4.8 6.802940540678
-22.2 38.4 40.299503719029
17.4 -51.8 58.210394260819
-5.4 -5.2 1.430452062528
-5.4 1.9 9.345190661232
-8.7 -8.4 0.798811085935
5.2 -8.4 15.000072687436
26.5 8.5 25.164459064323
-34.6 -14.9 40.263134502917
46.9 -4.4 42.802920461109
-19.4 -4.4 23.505318547086
0.1 -9.6 1.880105747572
0.1 3.4 15.641717607517
5.2 3.7 1.800000000000
5.2 0.8 1.100000000000
-3.1 -31.0 33.533565274214
8.1 34.6 33.533565274214
4.0 -7.0 4.767946802232
6.2 -6.6 2.338149941362
8.6 -5.7 1.900000000000
8.6 -1.3 2.500000000000
-4.2 -8.3 4.900000000000
-4.2 -0.9 2.500000000000
30.1 -1.8 33.185087012090
-47.9 -1.8 45.135905884340
0.5 -2.7 0.600000000000
0.5 -5.7 2.400000000000
1.7 -7.0 2.600000000000
1.7 -3.1 1.300000000000
6.5 9.7 1.595960916731
-8.0 9.7 16.811421691872
2.9 2.7 1.800000000000
-0.9 2.7 2.000000000000
-7.8 1.7 5.021459609686
-4.4 1.7 1.182407914059
3.4 -3.3 2.023540958802
3.4 -4.9 4.011366605731
5.4 -1.9 3.800000000000
-1.3 -1.9 2.900000000000
5.6 -5.8 4.617177395553
5.6 -8.1 1.806132883892
8.2 5.9 6.837306253168
2.8 5.9 0.784759605967
1.8 -2.5 4.000000000000
-7.0 -2.5 4.800000000000
2.4 7.8 1.633822377069
-1.8 7.8 6.135581191820
6.6 -2.2 9.458725084121
6.6 5.9 0.765332128501
-0.8 8.2 4.400000000000
-0.8 -1.1 4.900000000000
3.0 -2.4 1.102047863967
-3.0 -2.4 7.709813391578
1.8 -41.0 41.620307543314
1.8 12.0 11.473883387938
23.8 1.1 25.257276179351
-6.5 1.1 5.375872022286
-25.8 26.8 37.121422386541
22.3 -43.5 48.564390246352
-2.6 -1.4 1.020565738101
-3.9 1.9 5.407302192138
-4.1 -8.3 1.658347505141
9.6 -8.3 16.058133041810
3.0 -2.6 1.000000000000
3.0 1.9 3.500000000000
3.1 -2.1 0.339743396312
-8.3 3.4 13.380119023018
-4.3 3.1 2.900000000000
1.6 3.1 3.000000000000
-3.4 5.3 10.643469082764
4.2 -0.4 0.794724058042
1.8 1.6 2.695467582214
1.8 -0.3 4.893270176013
-1.4 -0.8 1.788854382000
-50.2 -0.8 48.026659263372
5.5 6.5 1.740752989372
-0.6 6.5 8.001071029781
3.1 0.2 2.247220505424
-15.2 0.2 17.205231762461
-6.9 -15.6 18.183783984639
23.1 35.4 41.605889006245
0.6 -3.5 4.300000000000
0.6 3.0 2.200000000000
-3.8 -3.9 8.130190649671
7.3 9.3 12.854960132182
1.6 -0.7 2.370653918226
14.2 5.9 16.594577427582
-2.5 47.3 49.417102302745
-2.5 -20.7 19.006577808748
4.4 -3.2 1.100000000000
4.4 1.0 3.100000000000
-42.0 27.3 42.407546498235
22.5 -19.2 37.106603185956
-3.4 -31.2 34.557922391255
-3.4 17.7 14.870776711389
6.0 0.5 1.120707094068
-3.5 0.5 11.234796083095
-8.5 6.6 2.300000000000
-8.5 0.4 3.900000000000
-8.9 2.2 3.300000000000
-8.9 -3.6 2.500000000000
0.9 -2.9 2.217484703892
4.5 6.6 13.114211538670
-3.9 -39.1 42.479406775519
-3.9 30.3 27.379189177183
-7.7 4.5 8.133948549044
-5.7 -2.0 0.782924642807
-1.3 -6.0 7.055449807888
-6.0 -6.0 1.917463541311
2.8 -9.6 0.399809019900
-2.1 -9.6 5.787333769885
4.9 -0.3 4.300000000000
4.9 -4.9 0.300000000000
4.2 0.7 2.600000000000
4.2 -5.3 3.400000000000
-1.8 -0.3 3.200000000000
-1.8 -4.1 0.600000000000
6.0 7.7 17.605026077130
-9.1 7.7 1.835060600029
12.0 7.2 15.814550262338
-43.9 -18.6 45.839393538746
0.1 2.9 0.600000000000
0.1 -2.4 4.700000000000
4.4 2.7 0.400000000000
1.1 2.7 2.900000000000
-5.2 -8.6 1.600000000000
-1.8 -8.6 1.800000000000
-3.8 0.6 4.700000000000
1.4 0.6 0.500000000000
4.5 4.0 2.208291043004
4.5 9.3 8.300985189536
-1.6 -4.6 3.400000000000
3.2 -4.6 1.400000000000
1.0 8.7 1.900000000000
-3.2 8.7 2.300000000000
38.9 -2.2 42.057579578478
-47.3 -2.2 44.254717262683
-6.8 2.5 1.580452019983
-2.8 2.5 6.190819541829
8.6 -9.5 1.345595110867
-0.7 -8.0 11.523037403535
7.6 2.7 4.200000000000
7.6 -5.0 3.500000000000
-2.5 1.7 5.731744082168
-2.5 4.4 2.142521303996
9.8 -5.7 1.475622011229
-3.0 4.5 18.688694490644
0.0 1.0 0.600000000000
-1.1 1.0 0.500000000000
-5.4 2.1 10.012492197250
11.6 2.1 7.017834423809
-1.6 2.6 0.900000000000
-0.1 2.6 0.600000000000
-1.9 4.1 1.339236281838
-3.5 4.1 3.290414979691
-9.1 -6.5 13.171180660822
26.1 32.7 39.513541982465
4.6 -5.3 0.543052741538
0.6 -5.3 5.067751775353
-9.6 -6.1 5.000000000000
-9.6 2.5 3.600000000000
8.9 -7.1 20.627217078879
-0.9 8.2 1.833644836600
-3.5 -8.9 9.079647570253
-3.5 30.1 30.023990407672
-0.6 8.0 1.500000000000
-3.1 8.0 1.000000000000
-3.3 -4.3 1.061805187727
-3.3 -6.2 3.434249587537
9.6 0.5 14.018559127100
-41.4 0.5 37.554227458437
-6.9 4.2 0.600000000000
-6.9 0.2 3.400000000000
-0.9 7.2 1.468145477043
-4.9 -8.5 18.091957930193
-1.6 0.3 7.710382610480
31.4 19.0 31.224669734042
-7.1 3.2 0.439353979549
2.7 3.2 10.355057031441
0.5 7.4 0.335341758833
0.5 5.4 3.181010050886
12.0 -26.5 35.830294444785
-5.0 26.2 19.543796969883
-0.4 0.1 10.514958167316
-0.4 -7.9 2.310651975379
-8.0 9.9 17.271092980020
-0.5 -2.6 1.951548770133
-4.2 4.5 0.608276253030
-25.0 4.5 20.200247523236
47.0 -0.7 49.400404856641
-24.5 -0.7 22.100904958847
26.1 2.1 23.455489762527
-37.9 2.1 41.257241788564
-9.2 3.1 0.478113281055
-9.2 0.0 4.315203479085
-34.3 -15.2 43.640577448059
24.5 12.4 22.318154045530
-18.3 -0.8 18.248287590895
48.5 -0.8 48.892126155446
3.6 -1.5 1.500000000000
-1.4 -1.5 3.500000000000
-6.2 -8.9 1.564350672812
-6.2 -3.2 7.723329321291
-1.2 8.3 4.100000000000
5.3 8.3 2.400000000000
-2.8 -4.2 6.683168506691
-1.2 -0.7 2.185534001491
9.8 3.3 2.122493484533
-8.3 3.3 20.910854705670
0.5 1.3 1.498622729291
0.5 4.1 4.632701354187
-6.2 -4.3 9.300616147059
-6.2 3.5 0.700789162047
-3.7 1.5 0.200000000000
-3.7 -2.8 4.100000000000
0.3 9.0 4.600000000000
-7.9 9.0 3.600000000000
-2.1 10.6 16.080111939909
-2.1 -22.4 17.831713322056
41.7 1.6 37.811373950175
-3.5 1.6 8.041144197190
3.9 -16.5 19.339596686591
3.9 32.8 30.675234310434
-3.5 7.9 0.590504836376
-8.5 7.9 6.239468640927
-4.6 -6.9 4.400000000000
-4.6 -0.8 1.700000000000
-37.6 -38.2 43.561450848198
1.4 -0.2 10.890362712050
-30.5 0.5 27.620282402611
20.7 0.5 24.475293665245
2.0 -5.0 5.505841259694
2.0 -9.8 0.298583759212
-15.6 -42.8 47.117937136509
12.3 40.9 41.109609582189
5.1 -2.4 0.674313750783
-3.6 -0.8 10.066961066076
-3.8 3.8 1.100000000000
-3.8 2.1 0.600000000000
1.7 -6.5 3.300000000000
-6.2 -6.5 4.600000000000
2.8 27.8 29.882770955853
-1.7 -12.7 10.866462165765
51.6 1.6 49.240633627117
-7.8 1.6 10.394229168149
-1.8 -6.4 3.100000000000
4.7 -6.4 3.400000000000
-6.5 -2.1 3.692231084198
-6.5 0.2 0.832916350023
6.3 0.8 3.300000000000
-1.9 0.8 4.900000000000
16.1 -31.0 29.917386249470
-13.9 46.5 53.186464443503
19.1 -3.0 14.964290828502
-10.3 2.6 14.964290828502
-8.6 8.3 1.112741241589
1.5 9.7 11.685190114381
32.5 27.3 49.921738751770
-8.9 -14.1 8.626702730476
-8.6 3.5 7.848335505951
-8.6 -2.1 1.383873935523
-8.4 -5.6 0.543706686313
9.5 4.9 22.151462364119
-5.2 9.6 1.100000000000
-0.7 9.6 3.400000000000
-4.4 3.1 2.236067977500
-4.4 32.1 28.071337695236
-3.7 9.0 0.500000000000
-0.8 9.0 2.400000000000
10.5 38.1 40.295160999802
-6.5 -8.9 11.175866856759
5.3 -0.1 2.400000000000
5.3 -3.6 1.100000000000
5.6 -0.5 2.000000000000
5.6 6.0 4.500000000000
1.2 -8.9 9.574078278298
-5.8 -8.9 2.204686069908
-2.2 -2.7 3.000000000000
-2.2 1.3 1.000000000000
5.5 -0.7 1.400000000000
5.5 -5.6 3.500000000000
-15.5 -10.5 29.261749776799
9.0 5.5 0.000000000000
-16.0 -6.5 19.112822920751
45.1 42.9 60.741501463168
-1.0 -6.5 9.711406502605
-1.0 0.2 2.314582295979
-2.6 3.7 2.746079532813
-1.5 3.7 4.291011113905
-2.4 23.8 25.191466809219
-2.4 -5.0 4.904079934096
-10.6 -12.4 17.321662737740
11.9 8.3 14.006427096158
-1.3 4.3 1.101150571366
3.7 8.0 8.194612300077
8.9 -9.2 2.568502178121
1.3 -9.2 10.902404775563
-1.4 7.7 8.004998438476
-7.7 -19.6 20.012496096190
-36.2 21.1 45.984780090808
14.5 -6.2 12.615070352558
-9.4 4.0 16.814486573147
6.1 8.3 0.606498124117
-2.7 -3.5 8.062257748299
33.7 34.2 44.342417615642
-24.3 -17.5 28.796006667592
40.7 18.9 45.934409760005
1.2 40.2 37.619808611953
1.2 -3.3 6.708203932499
9.1 0.8 10.917875251165
-19.7 0.8 18.070971196922
-48.5 -4.6 48.509174390006
13.3 -4.6 14.230249470758
-51.3 47.1 67.517257053290
29.2 -28.8 43.560073461830
-44.8 0.8 48.023431780746
45.8 0.8 42.626400270255
-7.9 2.6 12.871244231015
2.9 2.6 1.397013176795
6.2 -4.7 5.412840190977
5.0 -8.2 1.110965097441
-5.9 5.1 3.600000000000
0.9 5.1 3.200000000000
-5.2 2.9 2.719288810291
-5.2 7.4 7.557923716047
-33.7 -19.2 44.592600283007
52.3 28.8 54.392095013890
-11.4 -3.9 13.257450735341
50.1 -3.9 48.569640723398
9.9 6.5 4.556782502663
9.9 9.3 1.544987429325
6.8 -7.6 3.600000000000
6.8 0.8 4.800000000000
7.1 4.4 2.328949064720
9.3 4.4 4.804766020253
4.3 6.4 1.697384350300
3.3 6.4 2.874977066281
15.9 8.5 23.841140912297
-4.9 -9.1 3.405877273185
-9.6 -0.3 1.223017017521
4.4 -0.3 16.105569347202
-5.5 4.1 10.369365398208
1.7 4.1 2.744687428270
6.6 -5.3 2.859205266557
9.0 -5.3 5.972565408949
4.9 -39.1 36.002222153639
4.9 15.7 18.804254837669
-4.9 -0.9 7.572718637005
0.1 -0.9 2.415160781864
1.0 0.7 1.600000000000
1.0 3.8 1.500000000000
29.7 2.4 24.957563983690
-36.4 2.4 41.394806437523
-8.8 2.7 10.482523907406
-0.4 2.7 1.887026526019
2.0 4.4 6.307138812489
2.0 -33.4 32.213351269311
-3.3 25.9 28.983616061492
-3.3 -17.8 14.962620091414
-9.3 4.0 1.971697573365
9.0 -9.3 25.062450011123
6.5 -1.0 9.121403400793
-46.3 34.2 54.880233235656
-21.6 31.2 33.607290875642
23.2 -31.2 43.209373982968
-9.2 -4.9 6.260990336999
25.0 12.2 31.975772078247
5.2 -7.2 2.532876352358
5.2 -2.5 7.447768694360
-1.9 1.9 1.000000000000
-1.9 5.0 2.100000000000
-4.3 -7.2 11.738824472663
-4.3 31.4 27.059933481071
-7.3 -2.3 1.700000000000
-7.3 -4.2 0.200000000000
52.8 1.7 49.840144462070
-3.0 1.7 6.324555320337
1.2 -19.1 16.065490966665
1.2 45.2 49.244390543492
-11.6 -10.4 20.224984548820
16.9 7.6 13.483323032547
1.7 8.6 4.700000000000
1.7 1.7 2.200000000000
16.7 5.3 21.068459839295
-50.4 -19.1 50.330209616094
14.7 -12.7 26.119724347703
-47.8 39.8 55.504414238869
-2.0 3.8 2.200000000000
-2.0 -1.6 3.200000000000
-7.1 1.3 13.216945783018
-7.1 -9.3 2.260458446158
2.5 -8.4 0.219002276910
1.9 -8.4 1.705768162220
-19.8 18.6 23.187065359808
22.0 -23.2 36.608742125345
0.5 -6.3 2.366267738630
0.5 -3.0 6.116359787598
-0.3 -12.0 16.744252745345
-0.3 48.7 44.836592198783
31.1 -32.4 38.193324023970
-30.1 37.3 54.561891462815
7.4 -2.0 10.770329614269
-20.2 14.8 21.540659228538
1.1 -24.0 24.985195616605
1.1 44.6 44.371387176873
4.3 3.5 9.827003612496
-53.9 13.2 50.011998560345
-13.0 3.2 13.729530217746
29.0 -7.8 30.700162866018
-26.9 -51.3 58.521107303263
34.6 47.1 57.578207683116
-2.0 -10.5 9.109335870413
-2.0 22.9 24.847132631352
13.3 -29.7 29.637813684548
-12.8 37.0 41.986902719777
-2.1 6.1 3.905124837953
-2.1 -24.9 28.111385593741
-0.5 -4.2 0.228391737378
-0.5 -5.5 1.639049205155
2.4 1.8 9.656603957914
-38.2 -43.0 52.002403790594
10.9 -0.7 19.734234213670
-17.3 8.3 9.867117106835
-7.9 3.3 5.232590180780
25.4 3.3 29.830353668705
2.4 -0.9 7.032780389007
-50.4 -15.2 49.977294844759
-7.7 -2.3 9.561280627238
-1.1 -2.3 2.214664452727
-4.6 -31.1 26.320524310887
-4.6 21.8 27.014810752622
8.8 -6.7 13.327705904372
8.8 5.0 1.131711936673
-5.0 21.9 17.095028517086
-5.0 -4.1 9.178235124467
-1.4 3.0 2.529822128135
1.4 3.0 0.894427191000
1.1 -3.7 3.800000000000
7.6 -3.7 2.700000000000
8.5 2.1 3.400000000000
8.5 -2.3 1.000000000000
-2.5 -3.0 2.330933110981
-8.4 9.3 16.542522602386
-2.4 -14.3 14.932514858523
-2.4 25.8 26.155878880282
-3.9 -9.8 0.749216624215
-3.9 -1.3 9.668016442843
-11.9 10.2 23.555254190944
20.4 -20.4 20.938003725284
-1.8 -3.5 7.615773105864
-1.8 22.3 19.037857022260
4.7 3.1 1.600000000000
4.7 8.8 4.100000000000
-7.2 -0.8 7.881624198095
8.4 -0.8 10.285912696499
-19.6 -1.5 24.734793308213
52.5 -1.5 47.721274081902
-5.8 0.2 1.328389871325
0.1 -7.7 11.604407095761
1.9 -0.8 3.622154055255
-27.6 -0.8 25.903088618927
-19.6 -4.1 23.913385373050
34.7 -4.1 30.410524493997
2.6 23.3 24.003333101884
2.6 -13.1 12.406449935417
7.0 2.2 8.800978953860
7.0 9.2 1.677716778650
4.7 2.0 0.743566509727
4.7 -1.9 5.462048465803
-3.7 2.7 4.800000000000
-3.7 -5.5 3.400000000000
2.6 -4.9 6.316805199373
2.6 -0.6 1.520146811937
-12.5 -18.6 16.211107303328
6.2 4.5 13.509256086106
-0.2 0.3 6.041522986797
11.7 -14.4 17.088007490635
-9.8 -8.2 21.437793200001
8.3 1.2 0.539578689613
3.8 -4.1 0.300000000000
3.8 -6.7 2.300000000000
-1.5 -8.1 4.200000000000
-1.5 -3.0 0.900000000000
-6.4 4.9 11.018741519303
3.4 4.9 0.342326702963
6.0 -0.9 15.692641031539
-7.1 -0.9 2.156504531883
-30.7 -1.2 32.596012026013
29.1 2.7 28.040149785620
5.7 1.7 2.022288064071
7.3 1.7 4.276291942051
0.6 -4.5 2.645214242768
-0.5 -4.5 1.333789955592
29.1 -18.0 32.689141928169
-12.7 16.2 21.319005605328
-3.3 -5.2 1.728147161080
4.5 -5.2 9.856551214421
8.2 -6.0 5.000000000000
8.2 2.3 3.300000000000
25.1 17.7 26.359059163787
-17.8 -20.0 30.752235691084
8.1 -6.9 0.968625089827
8.1 5.4 13.846052242895
9.2 2.5 14.944883177156
-4.1 7.8 0.344279626907
-9.6 7.9 16.852059971324
-9.6 -5.9 2.788602963678
2.3 -8.8 2.018067339600
2.3 0.6 11.924420684130
-7.5 -0.6 4.000000000000
-7.5 5.0 1.600000000000
7.3 2.9 8.421401308571
-4.7 -7.5 11.574109036984
-5.6 2.5 2.648395292349
0.6 2.5 9.540298708404
-0.7 0.9 9.291296827028
-7.8 0.6 1.721184918269
24.6 -29.8 39.477081959030
-47.4 47.0 65.795136598384
3.4 7.8 0.578374925672
8.7 -8.7 18.324137135943
-2.2 -1.7 0.600000000000
-2.2 2.7 3.800000000000
4.7 -3.2 4.870318264754
-19.3 46.4 51.772193308764
30.0 -28.7 51.815152224036
-6.8 3.3 3.047950130826
30.0 2.3 32.937061192523
-20.2 2.3 18.216750533506
-3.7 -7.9 7.843104456108
-5.7 -4.1 2.672401342699
3.3 1.2 7.695120049884
8.7 2.2 1.729206983094
-5.0 -14.7 19.402319448973
-5.0 46.4 41.701079122728
5.2 0.0 3.380375217587
5.2 -0.8 2.082038512664
-29.8 -26.8 37.811373950175
29.0 29.2 43.596559497281
25.4 0.1 23.477648945327
-23.0 0.1 25.455844122716
3.1 37.0 37.892611417003
3.1 -14.7 14.862705002791
-40.0 -4.0 38.457379005855
6.8 -4.0 8.658521813797
-4.7 4.1 2.262741699797
-2.5 4.1 1.708800749064
2.5 8.3 2.000000000000
5.9 8.3 1.400000000000
-6.5 3.5 11.388590782006
46.0 -52.0 66.406324999958
-8.7 2.1 8.839082171725
-3.2 2.1 2.631948349735
1.6 18.0 13.914021704741
1.6 -39.2 44.219452732932
2.9 -8.4 3.700000000000
-1.8 -8.4 1.000000000000
-5.9 1.4 16.487386178802
9.5 1.4 0.623221435010
-6.4 4.0 1.200000000000
-6.4 0.9 1.900000000000
-6.3 0.1 1.400000000000
-6.3 -3.2 1.900000000000
31.3 -0.9 27.773548566937
-33.5 -0.9 37.328943194256
-7.7 -1.5 5.768882040742
27.5 -1.5 30.567957079268
-1.7 2.4 1.118033988750
36.3 2.4 37.003378224157
-1.0 -46.3 42.901048938225
-1.0 35.9 39.301145021488
-9.3 2.0 1.300000000000
-9.3 4.9 1.600000000000
-7.1 1.9 8.496702821048
-7.1 -5.2 0.877943166332
-3.2 -4.2 1.442220510186
8.0 12.6 18.748866632413
12.8 -4.9 13.350655414623
-30.1 1.6 30.038974682902
4.9 -1.4 4.000000000000
-1.7 -1.4 2.600000000000
4.2 -0.1 4.800000000000
4.2 8.8 4.100000000000
5.0 0.9 0.421279717806
5.0 -1.8 3.712134550527
12.5 10.5 11.661903789691
-18.0 -7.8 23.906902768866
4.4 8.2 16.634706854156
-0.6 -6.8 0.422788958699
-1.3 -2.2 1.100000000000
-3.0 -2.2 0.600000000000
-1.1 -0.2 7.197462593916
-6.6 -0.2 0.851581577606
4.0 -5.3 4.455333881989
2.8 -1.5 4.455333881989
7.2 -0.9 4.700000000000
-2.1 -0.9 4.600000000000
2.1 -3.3 0.600000000000
0.9 -3.3 0.600000000000
29.6 -6.6 33.678628238098
-19.0 6.9 16.916855499767
-3.0 5.0 0.498236023206
-3.0 0.0 5.958829987034
8.4 7.0 3.300000000000
8.4 1.2 2.500000000000
43.2 0.4 38.938156093991
-29.9 0.4 34.667708317684
-19.4 -28.8 37.086385642173
-1.4 2.7 0.806225774830
14.1 6.7 18.906612599829
-19.9 2.7 15.500322577289
-4.2 36.8 40.042477445832
-4.2 -48.2 45.413654334352
0.3 29.4 23.204525420702
-5.9 -35.7 42.190046219458
-37.2 -38.5 47.937146348109
36.6 22.7 47.937146348109
0.1 9.6 2.202334519548
1.1 9.6 0.686291299971
-0.3 -2.7 4.300000000000
7.1 -2.7 3.100000000000
-1.4 3.2 9.152421161752
-8.2 7.5 0.971543017873
4.7 -11.0 14.512063946937
4.7 24.1 20.778113485107
-5.8 7.1 3.052071529220
-4.1 7.1 1.065855780070
1.4 2.8 3.700000000000
-2.8 2.8 0.500000000000
-5.2 1.5 0.600000000000
-1.1 1.5 3.500000000000
2.5 -2.1 2.504472950740
8.3 -2.1 8.924963760203
-45.9 -4.7 44.054965667902
10.7 -4.7 12.790621564256
7.5 -8.0 9.167881845805
5.1 -0.2 0.288376428462
3.6 2.5 0.456963790848
7.9 -8.3 12.725767230956
-10.9 -0.3 9.126883367284
8.7 -0.3 12.869343417595
3.0 33.5 37.226469077795
3.0 -33.3 30.080724725312
-0.3 -8.5 0.499686740030
4.4 -8.5 5.948800314569
-3.7 7.1 1.100000000000
-1.6 7.1 1.000000000000
