2 3
-73.3 62.0
-79.1 50.1
49.1 -79.1
-86.3 -16.2
15.6 -28.9
4 4
20.7 -36.9
-62.5 54.3
42.0 95.7
86.1 70.5
-62.4 -75.9
9.1 54.5
16.8 72.8
-78.4 1.0
7 7
-42.4 -58.1
76.6 -16.4
26.1 -4.3
10.7 -20.1
71.8 -83.0
54.7 1.2
-6.2 95.8
58.6 87.5
-60.9 -5.7
-75.8 -4.5
55.8 54.9
96.0 -62.4
-75.2 6.1
51.6 91.3
13 9
-51.8 62.7
-83.5 -85.9
31.3 15.9
39.6 -59.9
-4.1 -18.4
-52.3 -87.3
90.2 76.2
-79.4 8.2
25.4 -49.5
-21.8 -27.4
-58.9 44.1
63.3 49.4
-96.8 19.0
-54.9 -80.6
-29.5 -91.1
-33.1 3.5
86.4 -40.9
12.2 -17.1
96.2 -13.2
40.0 -14.2
59.5 58.5
-90.9 -80.9
15 16
-7.2 75.4
-65.4 94.0
89.8 9.8
60.8 -22.9
-19.2 61.9
-52.4 -76.6
-23.0 23.8
29.9 23.3
75.8 -79.8
-60.7 -93.1
-66.2 22.6
-87.6 61.2
-89.6 1.1
-26.0 11.1
-30.5 37.8
33.8 -42.3
-49.6 99.1
77.4 42.7
91.4 46.7
84.5 66.6
90.4 63.8
-27.0 12.7
32.5 49.7
36.9 96.9
-45.0 30.1
-13.6 90.1
-64.9 59.9
-58.5 -13.5
81.3 42.7
77.5 9.2
-33.9 -40.7
20 25
-19.5 -3.1
20.9 -19.8
74.6 45.2
-46.5 -57.3
-33.7 73.9
-11.9 36.0
-5.3 56.1
42.0 -90.4
42.5 -87.4
70.6 -31.9
-44.6 -70.2
62.9 52.4
-57.5 -31.7
-13.6 -83.9
-80.0 -21.7
-51.6 73.7
24.9 -66.2
-88.4 3.7
94.0 64.1
-71.1 20.1
92.5 -67.3
-21.9 29.3
77.8 -90.7
27.5 20.5
-59.1 -92.0
66.0 92.7
28.6 -87.1
-82.8 -98.4
97.1 60.7
-63.0 80.3
91.4 7.0
53.6 38.3
-98.6 42.5
91.8 6.3
-88.4 -74.9
4.4 31.5
-87.5 -39.9
23.9 -77.6
-20.6 -6.9
-76.7 -60.4
-8.1 46.4
-73.1 -77.5
-61.0 -31.1
-60.8 51.1
78.1 39.0
37 22
-52.1 0.0
-94.2 18.9
2.2 -13.0
93.0 -1.8
-71.4 -98.3
-10.2 -86.1
-47.1 -40.1
-46.9 -34.7
16.7 67.2
46.5 38.9
-87.2 9.9
-75.9 83.1
-74.4 -94.9
-17.2 81.6
-40.1 20.7
48.6 36.6
-72.3 -13.4
16.5 -89.8
92.0 -37.4
-67.3 30.9
57.6 33.8
20.5 -21.6
81.6 -89.3
-87.0 65.2
45.0 96.6
-99.3 -76.7
-42.3 45.0
13.7 35.5
-47.7 -75.5
94.3 -65.1
-72.9 -55.8
-16.9 -79.9
-56.8 45.5
-51.8 3.2
-8.8 91.9
-2.2 79.3
-68.8 -86.7
-78.7 -53.6
44.7 -84.4
11.9 -57.6
40.5 -66.8
-4.3 -78.7
81.6 -44.7
-13.8 94.8
-63.4 66.7
-15.7 -4.8
15.8 48.1
81.5 49.3
47.7 15.0
63.3 53.9
-96.6 71.1
27.4 91.3
-73.3 -1.3
-66.4 -94.5
-63.2 92.1
-54.6 -63.6
84.3 18.4
-15.9 47.0
51.4 23.8
40 39
-6.9 -2.9
-63.0 88.8
25.3 -81.9
-83.3 50.0
-25.3 53.0
-78.5 5.8
-9.7 39.6
-7.8 59.9
-29.4 -15.8
25.5 71.1
22.5 -38.7
-88.9 87.8
90.1 3.7
83.5 -57.4
42.8 -14.2
2.7 -93.9
73.3 32.5
41.3 89.4
81.9 -14.6
-59.5 -73.0
-59.3 -7.2
-90.2 -38.0
-83.2 64.9
-60.5 33.0
59.6 -56.6
99.8 84.3
57.8 57.6
-29.5 -55.1
23.3 79.7
-74.8 -92.4
-8.5 32.8
9.0 73.1
37.8 67.7
-77.6 85.4
98.8 -53.1
-7.5 -55.3
-76.7 90.6
24.2 -99.2
-39.7 88.6
-56.5 76.1
-4.9 70.5
60.6 -42.2
15.0 -44.6
9.7 78.5
-5.7 -7.6
42.7 55.5
52.7 77.1
71.1 35.9
-66.9 59.2
91.8 34.0
41.0 24.5
7.4 -90.9
-77.6 -79.9
-2.9 40.6
-73.7 95.6
-95.7 62.5
-38.7 28.1
-68.3 -48.5
76.2 -63.4
56.6 3.8
-54.0 -33.8
69.6 -92.0
19.4 -6.1
13.8 -68.5
45.9 -73.8
-61.7 -61.8
41.0 -99.6
-95.8 -29.1
42.3 11.6
16.4 -1.7
-91.4 94.3
-11.0 12.6
47.6 38.5
38.6 48.9
39.2 44.7
-12.8 77.2
-50.6 -95.0
-5.6 43.4
-89.6 -35.1
50 40
-88.4 97.9
35.7 68.6
-61.9 -49.6
-0.2 -61.9
97.3 56.2
61.0 -59.4
87.2 97.4
-42.2 54.8
77.6 -22.5
68.6 -13.5
-74.1 54.8
-1.8 14.7
55.6 -28.6
45.8 -17.4
-12.2 41.3
-80.0 18.9
0.9 26.0
26.6 -99.8
45.4 -21.2
7.9 -14.9
-7.1 71.2
27.9 -53.4
4.3 17.8
-38.6 -10.8
85.1 24.0
41.5 62.2
17.1 -24.6
-79.9 -60.2
-5.8 37.2
-39.8 -4.7
-88.1 -17.7
-98.6 -22.7
98.6 84.6
-41.5 36.3
97.7 -47.1
-38.2 -28.3
-32.2 -92.9
55.6 46.0
26.8 47.3
-89.3 -16.0
58.8 -4.4
-4.4 47.1
13.9 42.4
69.1 10.8
88.4 -17.5
73.7 -43.0
-98.4 -37.0
98.6 -7.5
62.6 -24.9
50.1 -5.8
3.8 -97.3
-21.3 39.7
-94.0 49.1
-92.2 -13.9
-88.4 -41.6
-3.8 -90.5
2.8 -87.9
-57.4 98.1
-99.0 25.3
-25.6 36.7
70.2 -9.8
-29.1 27.4
79.5 -51.3
-45.1 -60.4
-76.5 0.7
-7.0 6.6
12.6 5.0
-34.8 -24.8
47.8 2.8
-49.2 -59.4
80.6 48.4
54.6 -45.5
-54.5 -67.1
-32.3 -72.5
-13.2 -79.6
-75.6 -43.8
38.2 89.5
98.7 -70.1
-14.8 28.6
-46.3 -24.1
-39.4 20.5
86.6 -76.6
-6.7 8.3
32.5 80.2
-97.1 60.5
-68.2 42.4
38.9 98.2
17.6 42.8
-60.4 66.9
13.1 12.2
0 0
